4073
4073
4071
4009
4012
3945
4072
4009
4008
4011
4074
4075
4008
4006
4009
4012
4072
3948
4076
4071
3946
4006
4075
4007
4073
3945
3916
4013
4013
4137
4077
4074
3883
4008
4012
4142
4072
4006
3945
4136
3946
3942
4074
4076
4009
4072
3947
4073
4011
4010
4136
4013
4008
4008
4076
4009
4013
4011
4010
4007
3944
4007
4075
4071
4011
4071
4013
4136
4075
4074
4008
4075
4010
4072
4013
4076
3942
4008
3945
4007
4013
4071
4076
4075
4072
4009
4071
4010
4013
3941
4078
4009
4072
4011
3944
4012
4077
3948
4013
3946
4073
4008
4072
4008
4010
3947
4073
4012
4074
4012
3942
4012
4013
4012
4076
4075
4009
4073
4012
4075
4011
4074
4075
4072
4012
3941
4072
4008
4074
3947
4076
4071
4013
4006
4076
4075
4074
3947
4007
4008
4010
3947
4010
4074
4007
4071
3882
4005
4012
4012
4074
3983
4136
4011
3948
3941
4006
4074
4013
4013
4079
4009
4006
4009
4010
4076
4074
4072
4012
4012
4012
4008
3946
4072
3947
4013
4074
4071
4074
4071
3883
4008
4013
4006
4012
4011
4012
3946
4136
4009
4076
4007
4075
3880
4008
4071
4071
4009
4006
4072
3943
3980
4012
4009
3945
4013
3947
4072
4009
4011
3946
4008
4071
4071
3947
4075
3947
4009
4006
4009
4007
4010
4010
4006
4075
3943
3947
3944
3947
4007
3948
4011
4010
4136
4006
4075
4075
4012
4073
4073
4009
4013
4007
4073
4075
4078
4077
3980
3945
4073
4011
4008
4075
4136
4075
4013
4008
4075
4013
4012
3948
4073
3948
4009
4011
4010
4011
4072
4076
4045
4009
4076
4012
4011
4072
4074
4007
4007
4010
3942
4010
4071
4009
4074
4009
4013
4076
4073
4007
4071
4007
4010
4073
4011
3948
4009
4071
4011
4007
4073
