3737
3775
3762
3739
3737
3741
3739
3743
3739
3739
3738
3738
3737
3739
3739
3739
3738
3738
3738
3739
3738
3740
3739
3739
3739
3739
3740
3738
3736
3738
3738
3739
3738
3737
3739
3738
3739
3737
3740
3739
3738
3738
3738
3738
3740
3739
3740
3739
3740
3740
3738
3738
3739
3739
3739
3739
3740
3738
3740
3739
3738
3738
3737
3739
3738
3739
3739
3738
3739
3739
3738
3739
3738
3739
3738
3738
3738
3738
3738
3738
3740
3738
3740
3739
3739
3739
3739
3739
3739
3739
3739
3739
3739
3739
3739
3739
3739
3739
3739
3739
3739
3739
3739
3739
3739
3739
3739
3739
3739
3739
3739
3739
3739
3738
3739
3738
3739
3738
3739
3738
3739
3738
3739
3738
3739
3738
3739
3738
3739
3738
3739
3738
3739
3738
3739
3738
3738
3738
3738
3738
3738
3738
3738
3738
3738
3738
3738
3738
3738
3738
3738
3738
3738
3738
3738
3738
3738
3738
3738
3738
3738
3738
3738
3738
3738
3738
3738
3738
3738
3738
3738
3738
3738
3738
3738
3738
3738
3738
3738
3738
3738
3738
3738
3738
3738
3738
3738
3738
3738
3738
3738
3738
3738
3738
3738
3738
3738
3738
3738
3738
3738
3738
3738
3738
3738
3738
3738
3738
3738
3738
3738
3738
3738
3738
3738
3738
3738
3738
3738
3738
3738
3738
3738
3738
3738
3738
3738
3738
3738
3738
3738
3738
3738
3738
3738
3738
3738
3738
3738
3738
3738
3738
3738
3738
3738
3738
3738
3738
3738
3738
3738
3738
3738
3738
3738
3738
3738
3738
3738
3738
3738
3738
3738
3738
3738
3738
3738
3738
3738
3738
3738
3738
3738
3738
3738
3738
3738
3738
3738
3738
3738
3738
3738
3738
3738
3738
3738
3738
3738
3738
3738
3738
3738
3738
3738
3738
3738
3738
3738
3738
